                           |canTro         |canSoj         |canVis         |canFri         |canNer         |canDub         |canAlb         |canMal         |debHan         |picFar         
canTro | 0 | 0.207304739628 | 0.243762072690 | 0.238806052545 | 0.242599704707 | 0.253256128043 | 0.239903551655 | 0.286590505889 | 0.345733363529 | 0.350259924859
canSoj | 0.207304739628 | 0 | 0.140581117973 | 0.135305333584 | 0.158127965554 | 0.157987005035 | 0.159787303609 | 0.209031016350 | 0.228664707580 | 0.216469739292
canVis | 0.243762072690 | 0.140581117973 | 0 | 0.132916246045 | 0.140969492020 | 0.150506594310 | 0.172737489374 | 0.202302481745 | 0.221294735479 | 0.241669514585
canFri | 0.238806052545 | 0.135305333584 | 0.132916246045 | 0 | 0.096906599146 | 0.162229438377 | 0.175352505092 | 0.203037629698 | 0.200421231338 | 0.215626431377
canNer | 0.242599704707 | 0.158127965554 | 0.140969492020 | 0.096906599146 | 0 | 0.179788545944 | 0.198381556734 | 0.228860692533 | 0.230841912072 | 0.240064122380
canDub | 0.253256128043 | 0.157987005035 | 0.150506594310 | 0.162229438377 | 0.179788545944 | 0 | 0.078264351137 | 0.213687131121 | 0.221056137034 | 0.217149699492
canAlb | 0.239903551655 | 0.159787303609 | 0.172737489374 | 0.175352505092 | 0.198381556734 | 0.078264351137 | 0 | 0.222529588868 | 0.215639748062 | 0.234422401946
canMal | 0.286590505889 | 0.209031016350 | 0.202302481745 | 0.203037629698 | 0.228860692533 | 0.213687131121 | 0.222529588868 | 0 | 0.239821543402 | 0.257100126330
debHan | 0.345733363529 | 0.228664707580 | 0.221294735479 | 0.200421231338 | 0.230841912072 | 0.221056137034 | 0.215639748062 | 0.239821543402 | 0 | 0.159284388545
picFar | 0.350259924859 | 0.216469739292 | 0.241669514585 | 0.215626431377 | 0.240064122380 | 0.217149699492 | 0.234422401946 | 0.257100126330 | 0.159284388545 | 0