                           |aspNig         |canZem         |yarLip         |canSub         |canAlb         |canNer         |canFri         |canPar         |sacPas         |sacCer         |sacSer         
aspNig | 0.0000 | 0.3987 | 0.3572 | 0.5615 | 0.3932 | 0.4026 | 0.3900 | 0.3461 | 0.3823 | 0.3948 | 0.3802
canZem | 0.3987 | 0.0000 | 0.4016 | 0 | 0.3481 | 0.3281 | 0.3018 | 0.3554 | 0.3493 | 0.3333 | 0.5108
yarLip | 0.3572 | 0.4016 | 0.0000 | 0.5073 | 0.3973 | 0.3953 | 0.3626 | 0.3860 | 0.3455 | 0.3367 | 0.3574
canSub | 0.5615 | 0 | 0.5073 | 0.0000 | 0.4149 | 0 | 0.4628 | 0.4904 | 0 | 0 | 0
canAlb | 0.3932 | 0.3481 | 0.3973 | 0.4149 | 0.0000 | 0.2058 | 0.1846 | 0.2017 | 0.3168 | 0.3189 | 0.3306
canNer | 0.4026 | 0.3281 | 0.3953 | 0 | 0.2058 | 0.0000 | 0.1048 | 0.1981 | 0.3165 | 0.3078 | 0.3404
canFri | 0.3900 | 0.3018 | 0.3626 | 0.4628 | 0.1846 | 0.1048 | 0.0000 | 0.1925 | 0.3041 | 0.2802 | 0.3177
canPar | 0.3461 | 0.3554 | 0.3860 | 0.4904 | 0.2017 | 0.1981 | 0.1925 | 0.0000 | 0.2741 | 0.2533 | 0.3006
sacPas | 0.3823 | 0.3493 | 0.3455 | 0 | 0.3168 | 0.3165 | 0.3041 | 0.2741 | 0.0000 | 0.0535 | 0.1638
sacCer | 0.3948 | 0.3333 | 0.3367 | 0 | 0.3189 | 0.3078 | 0.2802 | 0.2533 | 0.0535 | 0.0000 | 0.1560
sacSer | 0.3802 | 0.5108 | 0.3574 | 0 | 0.3306 | 0.3404 | 0.3177 | 0.3006 | 0.1638 | 0.1560 | 0.0000